0 -1 6 0.166667 0.166667 0.166667 0.166667 0.166667 0.166667 
1 0 2
2 1 2
-1 -1 0 -1
1 2 2
-1 -1 0 -1
-1 -1 0 -2
2 3 2
-1 -1 0 1
-1 -1 0 -2
1 0 2
2 4 2
-1 -1 0 -1
1 2 2
-1 -1 0 -1
-1 -1 0 -2
2 5 2
-1 -1 0 1
-1 -1 0 -2
1 6 2
2 7 2
-1 -1 0 1
1 8 2
-1 -1 0 -1
-1 -1 0 2
2 9 2
-1 -1 0 1
-1 -1 0 2
1 6 2
2 4 2
-1 -1 0 -1
1 8 2
-1 -1 0 -1
-1 -1 0 -2
2 5 2
-1 -1 0 1
-1 -1 0 -2
1 10 2
2 7 2
-1 -1 0 1
1 11 2
-1 -1 0 -1
-1 -1 0 2
2 9 2
-1 -1 0 1
-1 -1 0 2
1 10 2
2 1 2
-1 -1 0 1
1 11 2
-1 -1 0 -1
-1 -1 0 2
2 3 2
-1 -1 0 1
-1 -1 0 2
