64 64
0 0 -0.666668 -0.666668 0 0 -0.666668 -0.666668 0 0 -0.666668 -0.666668 0 0 -0.666668 -0.666668 0 0 -0.666668 -0.666668 0 0 -0.666668 -0.666668 0 0 -0.666668 -0.666668 0 0 -0.666668 -0.666668 -0.333334 -0.333334 -1 -1 -0.333334 -0.333334 -1 -1 -0.333334 -0.333334 -1 -1 -0.333334 -0.333334 -1 -1 -0.333334 -0.333334 -1 -1 -0.333334 -0.333334 -1 -1 -0.333334 -0.333334 -1 -1 -0.333334 -0.333334 -1 -1 
0 0 -0.166667 -0.166667 0 0 -0.166667 -0.166667 0 0 -0.166667 -0.166667 0 0 -0.166667 -0.166667 0 0 -0.166667 -0.166667 0 0 -0.166667 -0.166667 0 0 -0.166667 -0.166667 0 0 -0.166667 -0.166667 0.166667 0.166667 0 0 0.166667 0.166667 0 0 0.166667 0.166667 0 0 0.166667 0.166667 0 0 0.166667 0.166667 0 0 0.166667 0.166667 0 0 0.166667 0.166667 0 0 0.166667 0.166667 0 0 
0 0.166667 -0.333334 -0.166667 0 0.166667 -0.333334 -0.166667 0 0.166667 -0.333334 -0.166667 0 0.166667 -0.333334 -0.166667 0.166667 0.333334 -0.166667 0 0.166667 0.333334 -0.166667 0 0.166667 0.333334 -0.166667 0 0.166667 0.333334 -0.166667 0 0 0.166667 -0.333334 -0.166667 0 0.166667 -0.333334 -0.166667 0 0.166667 -0.333334 -0.166667 0 0.166667 -0.333334 -0.166667 0.166667 0.333334 -0.166667 0 0.166667 0.333334 -0.166667 0 0.166667 0.333334 -0.166667 0 0.166667 0.333334 -0.166667 0 
0 0.166667 -0.333334 -0.166667 0 0.166667 -0.333334 -0.166667 0 0.166667 -0.333334 -0.166667 0 0.166667 -0.333334 -0.166667 0.166667 0.333334 -0.166667 0 0.166667 0.333334 -0.166667 0 0.166667 0.333334 -0.166667 0 0.166667 0.333334 -0.166667 0 0 0.166667 -0.333334 -0.166667 0 0.166667 -0.333334 -0.166667 0 0.166667 -0.333334 -0.166667 0 0.166667 -0.333334 -0.166667 0.166667 0.333334 -0.166667 0 0.166667 0.333334 -0.166667 0 0.166667 0.333334 -0.166667 0 0.166667 0.333334 -0.166667 0 
0 0 -0.166667 -0.166667 0 0 -0.166667 -0.166667 -0.166667 -0.166667 -0.333334 -0.333334 -0.166667 -0.166667 -0.333334 -0.333334 0 0 -0.166667 -0.166667 0 0 -0.166667 -0.166667 -0.166667 -0.166667 -0.333334 -0.333334 -0.166667 -0.166667 -0.333334 -0.333334 -0.333334 -0.333334 -0.500001 -0.500001 -0.333334 -0.333334 -0.500001 -0.500001 -0.500001 -0.500001 -0.666668 -0.666668 -0.500001 -0.500001 -0.666668 -0.666668 -0.333334 -0.333334 -0.500001 -0.500001 -0.333334 -0.333334 -0.500001 -0.500001 -0.500001 -0.500001 -0.666668 -0.666668 -0.500001 -0.500001 -0.666668 -0.666668 
0 0 0.333334 0.333334 0 0 0.333334 0.333334 -0.166667 -0.166667 0.166667 0.166667 -0.166667 -0.166667 0.166667 0.166667 0 0 0.333334 0.333334 0 0 0.333334 0.333334 -0.166667 -0.166667 0.166667 0.166667 -0.166667 -0.166667 0.166667 0.166667 0.166667 0.166667 0.500001 0.500001 0.166667 0.166667 0.500001 0.500001 0 0 0.333334 0.333334 0 0 0.333334 0.333334 0.166667 0.166667 0.500001 0.500001 0.166667 0.166667 0.500001 0.500001 0 0 0.333334 0.333334 0 0 0.333334 0.333334 
0 0.166667 0.166667 0.333334 0 0.166667 0.166667 0.333334 -0.166667 0 0 0.166667 -0.166667 0 0 0.166667 0.166667 0.333334 0.333334 0.500001 0.166667 0.333334 0.333334 0.500001 0 0.166667 0.166667 0.333334 0 0.166667 0.166667 0.333334 0 0.166667 0.166667 0.333334 0 0.166667 0.166667 0.333334 -0.166667 0 0 0.166667 -0.166667 0 0 0.166667 0.166667 0.333334 0.333334 0.500001 0.166667 0.333334 0.333334 0.500001 0 0.166667 0.166667 0.333334 0 0.166667 0.166667 0.333334 
0 0.166667 0.166667 0.333334 0 0.166667 0.166667 0.333334 -0.166667 0 0 0.166667 -0.166667 0 0 0.166667 0.166667 0.333334 0.333334 0.500001 0.166667 0.333334 0.333334 0.500001 0 0.166667 0.166667 0.333334 0 0.166667 0.166667 0.333334 0 0.166667 0.166667 0.333334 0 0.166667 0.166667 0.333334 -0.166667 0 0 0.166667 -0.166667 0 0 0.166667 0.166667 0.333334 0.333334 0.500001 0.166667 0.333334 0.333334 0.500001 0 0.166667 0.166667 0.333334 0 0.166667 0.166667 0.333334 
0.333334 0.500001 0 0.166667 -0.166667 0 -0.500001 -0.333334 0.333334 0.500001 0 0.166667 -0.166667 0 -0.500001 -0.333334 0.333334 0.500001 0 0.166667 -0.166667 0 -0.500001 -0.333334 0.333334 0.500001 0 0.166667 -0.166667 0 -0.500001 -0.333334 0 0.166667 -0.333334 -0.166667 -0.500001 -0.333334 -0.833335 -0.666668 0 0.166667 -0.333334 -0.166667 -0.500001 -0.333334 -0.833335 -0.666668 0 0.166667 -0.333334 -0.166667 -0.500001 -0.333334 -0.833335 -0.666668 0 0.166667 -0.333334 -0.166667 -0.500001 -0.333334 -0.833335 -0.666668 
0.333334 0.500001 0.500001 0.666668 -0.166667 0 0 0.166667 0.333334 0.500001 0.500001 0.666668 -0.166667 0 0 0.166667 0.333334 0.500001 0.500001 0.666668 -0.166667 0 0 0.166667 0.333334 0.500001 0.500001 0.666668 -0.166667 0 0 0.166667 0.500001 0.666668 0.666668 0.833335 0 0.166667 0.166667 0.333334 0.500001 0.666668 0.666668 0.833335 0 0.166667 0.166667 0.333334 0.500001 0.666668 0.666668 0.833335 0 0.166667 0.166667 0.333334 0.500001 0.666668 0.666668 0.833335 0 0.166667 0.166667 0.333334 
0.333334 0.666668 0.333334 0.666668 -0.166667 0.166667 -0.166667 0.166667 0.333334 0.666668 0.333334 0.666668 -0.166667 0.166667 -0.166667 0.166667 0.500001 0.833335 0.500001 0.833335 0 0.333334 0 0.333334 0.500001 0.833335 0.500001 0.833335 0 0.333334 0 0.333334 0.333334 0.666668 0.333334 0.666668 -0.166667 0.166667 -0.166667 0.166667 0.333334 0.666668 0.333334 0.666668 -0.166667 0.166667 -0.166667 0.166667 0.500001 0.833335 0.500001 0.833335 0 0.333334 0 0.333334 0.500001 0.833335 0.500001 0.833335 0 0.333334 0 0.333334 
0.333334 0.666668 0.333334 0.666668 -0.166667 0.166667 -0.166667 0.166667 0.333334 0.666668 0.333334 0.666668 -0.166667 0.166667 -0.166667 0.166667 0.500001 0.833335 0.500001 0.833335 0 0.333334 0 0.333334 0.500001 0.833335 0.500001 0.833335 0 0.333334 0 0.333334 0.333334 0.666668 0.333334 0.666668 -0.166667 0.166667 -0.166667 0.166667 0.333334 0.666668 0.333334 0.666668 -0.166667 0.166667 -0.166667 0.166667 0.500001 0.833335 0.500001 0.833335 0 0.333334 0 0.333334 0.500001 0.833335 0.500001 0.833335 0 0.333334 0 0.333334 
0.333334 0.500001 0 0.166667 -0.166667 0 -0.500001 -0.333334 0.333334 0.500001 0 0.166667 -0.166667 0 -0.500001 -0.333334 0.333334 0.500001 0 0.166667 -0.166667 0 -0.500001 -0.333334 0.333334 0.500001 0 0.166667 -0.166667 0 -0.500001 -0.333334 0 0.166667 -0.333334 -0.166667 -0.500001 -0.333334 -0.833335 -0.666668 0 0.166667 -0.333334 -0.166667 -0.500001 -0.333334 -0.833335 -0.666668 0 0.166667 -0.333334 -0.166667 -0.500001 -0.333334 -0.833335 -0.666668 0 0.166667 -0.333334 -0.166667 -0.500001 -0.333334 -0.833335 -0.666668 
0.333334 0.500001 0.500001 0.666668 -0.166667 0 0 0.166667 0.333334 0.500001 0.500001 0.666668 -0.166667 0 0 0.166667 0.333334 0.500001 0.500001 0.666668 -0.166667 0 0 0.166667 0.333334 0.500001 0.500001 0.666668 -0.166667 0 0 0.166667 0.500001 0.666668 0.666668 0.833335 0 0.166667 0.166667 0.333334 0.500001 0.666668 0.666668 0.833335 0 0.166667 0.166667 0.333334 0.500001 0.666668 0.666668 0.833335 0 0.166667 0.166667 0.333334 0.500001 0.666668 0.666668 0.833335 0 0.166667 0.166667 0.333334 
0.333334 0.666668 0.333334 0.666668 -0.166667 0.166667 -0.166667 0.166667 0.333334 0.666668 0.333334 0.666668 -0.166667 0.166667 -0.166667 0.166667 0.500001 0.833335 0.500001 0.833335 0 0.333334 0 0.333334 0.500001 0.833335 0.500001 0.833335 0 0.333334 0 0.333334 0.333334 0.666668 0.333334 0.666668 -0.166667 0.166667 -0.166667 0.166667 0.333334 0.666668 0.333334 0.666668 -0.166667 0.166667 -0.166667 0.166667 0.500001 0.833335 0.500001 0.833335 0 0.333334 0 0.333334 0.500001 0.833335 0.500001 0.833335 0 0.333334 0 0.333334 
0.333334 0.666668 0.333334 0.666668 -0.166667 0.166667 -0.166667 0.166667 0.333334 0.666668 0.333334 0.666668 -0.166667 0.166667 -0.166667 0.166667 0.500001 0.833335 0.500001 0.833335 0 0.333334 0 0.333334 0.500001 0.833335 0.500001 0.833335 0 0.333334 0 0.333334 0.333334 0.666668 0.333334 0.666668 -0.166667 0.166667 -0.166667 0.166667 0.333334 0.666668 0.333334 0.666668 -0.166667 0.166667 -0.166667 0.166667 0.500001 0.833335 0.500001 0.833335 0 0.333334 0 0.333334 0.500001 0.833335 0.500001 0.833335 0 0.333334 0 0.333334 
0 0 -0.666668 -0.666668 0 0 -0.666668 -0.666668 -0.166667 -0.166667 -0.833335 -0.833335 -0.166667 -0.166667 -0.833335 -0.833335 0 0 -0.666668 -0.666668 0 0 -0.666668 -0.666668 -0.166667 -0.166667 -0.833335 -0.833335 -0.166667 -0.166667 -0.833335 -0.833335 -0.500001 -0.500001 -1.16667 -1.16667 -0.500001 -0.500001 -1.16667 -1.16667 -0.666668 -0.666668 -1.33334 -1.33334 -0.666668 -0.666668 -1.33334 -1.33334 -0.500001 -0.500001 -1.16667 -1.16667 -0.500001 -0.500001 -1.16667 -1.16667 -0.666668 -0.666668 -1.33334 -1.33334 -0.666668 -0.666668 -1.33334 -1.33334 
0 0 -0.166667 -0.166667 0 0 -0.166667 -0.166667 -0.166667 -0.166667 -0.333334 -0.333334 -0.166667 -0.166667 -0.333334 -0.333334 0 0 -0.166667 -0.166667 0 0 -0.166667 -0.166667 -0.166667 -0.166667 -0.333334 -0.333334 -0.166667 -0.166667 -0.333334 -0.333334 0 0 -0.166667 -0.166667 0 0 -0.166667 -0.166667 -0.166667 -0.166667 -0.333334 -0.333334 -0.166667 -0.166667 -0.333334 -0.333334 0 0 -0.166667 -0.166667 0 0 -0.166667 -0.166667 -0.166667 -0.166667 -0.333334 -0.333334 -0.166667 -0.166667 -0.333334 -0.333334 
0 0.166667 -0.333334 -0.166667 0 0.166667 -0.333334 -0.166667 -0.166667 0 -0.500001 -0.333334 -0.166667 0 -0.500001 -0.333334 0.166667 0.333334 -0.166667 0 0.166667 0.333334 -0.166667 0 0 0.166667 -0.333334 -0.166667 0 0.166667 -0.333334 -0.166667 -0.166667 0 -0.500001 -0.333334 -0.166667 0 -0.500001 -0.333334 -0.333334 -0.166667 -0.666668 -0.500001 -0.333334 -0.166667 -0.666668 -0.500001 0 0.166667 -0.333334 -0.166667 0 0.166667 -0.333334 -0.166667 -0.166667 0 -0.500001 -0.333334 -0.166667 0 -0.500001 -0.333334 
0 0.166667 -0.333334 -0.166667 0 0.166667 -0.333334 -0.166667 -0.166667 0 -0.500001 -0.333334 -0.166667 0 -0.500001 -0.333334 0.166667 0.333334 -0.166667 0 0.166667 0.333334 -0.166667 0 0 0.166667 -0.333334 -0.166667 0 0.166667 -0.333334 -0.166667 -0.166667 0 -0.500001 -0.333334 -0.166667 0 -0.500001 -0.333334 -0.333334 -0.166667 -0.666668 -0.500001 -0.333334 -0.166667 -0.666668 -0.500001 0 0.166667 -0.333334 -0.166667 0 0.166667 -0.333334 -0.166667 -0.166667 0 -0.500001 -0.333334 -0.166667 0 -0.500001 -0.333334 
0 0 -0.166667 -0.166667 0 0 -0.166667 -0.166667 -0.333334 -0.333334 -0.500001 -0.500001 -0.333334 -0.333334 -0.500001 -0.500001 0 0 -0.166667 -0.166667 0 0 -0.166667 -0.166667 -0.333334 -0.333334 -0.500001 -0.500001 -0.333334 -0.333334 -0.500001 -0.500001 -0.500001 -0.500001 -0.666668 -0.666668 -0.500001 -0.500001 -0.666668 -0.666668 -0.833335 -0.833335 -1 -1 -0.833335 -0.833335 -1 -1 -0.500001 -0.500001 -0.666668 -0.666668 -0.500001 -0.500001 -0.666668 -0.666668 -0.833335 -0.833335 -1 -1 -0.833335 -0.833335 -1 -1 
0 0 0.333334 0.333334 0 0 0.333334 0.333334 -0.333334 -0.333334 0 0 -0.333334 -0.333334 0 0 0 0 0.333334 0.333334 0 0 0.333334 0.333334 -0.333334 -0.333334 0 0 -0.333334 -0.333334 0 0 0 0 0.333334 0.333334 0 0 0.333334 0.333334 -0.333334 -0.333334 0 0 -0.333334 -0.333334 0 0 0 0 0.333334 0.333334 0 0 0.333334 0.333334 -0.333334 -0.333334 0 0 -0.333334 -0.333334 0 0 
0 0.166667 0.166667 0.333334 0 0.166667 0.166667 0.333334 -0.333334 -0.166667 -0.166667 0 -0.333334 -0.166667 -0.166667 0 0.166667 0.333334 0.333334 0.500001 0.166667 0.333334 0.333334 0.500001 -0.166667 0 0 0.166667 -0.166667 0 0 0.166667 -0.166667 0 0 0.166667 -0.166667 0 0 0.166667 -0.500001 -0.333334 -0.333334 -0.166667 -0.500001 -0.333334 -0.333334 -0.166667 0 0.166667 0.166667 0.333334 0 0.166667 0.166667 0.333334 -0.333334 -0.166667 -0.166667 0 -0.333334 -0.166667 -0.166667 0 
0 0.166667 0.166667 0.333334 0 0.166667 0.166667 0.333334 -0.333334 -0.166667 -0.166667 0 -0.333334 -0.166667 -0.166667 0 0.166667 0.333334 0.333334 0.500001 0.166667 0.333334 0.333334 0.500001 -0.166667 0 0 0.166667 -0.166667 0 0 0.166667 -0.166667 0 0 0.166667 -0.166667 0 0 0.166667 -0.500001 -0.333334 -0.333334 -0.166667 -0.500001 -0.333334 -0.333334 -0.166667 0 0.166667 0.166667 0.333334 0 0.166667 0.166667 0.333334 -0.333334 -0.166667 -0.166667 0 -0.333334 -0.166667 -0.166667 0 
0.333334 0.500001 0 0.166667 -0.166667 0 -0.500001 -0.333334 0.166667 0.333334 -0.166667 0 -0.333334 -0.166667 -0.666668 -0.500001 0.333334 0.500001 0 0.166667 -0.166667 0 -0.500001 -0.333334 0.166667 0.333334 -0.166667 0 -0.333334 -0.166667 -0.666668 -0.500001 -0.166667 0 -0.500001 -0.333334 -0.666668 -0.500001 -1 -0.833335 -0.333334 -0.166667 -0.666668 -0.500001 -0.833335 -0.666668 -1.16667 -1 -0.166667 0 -0.500001 -0.333334 -0.666668 -0.500001 -1 -0.833335 -0.333334 -0.166667 -0.666668 -0.500001 -0.833335 -0.666668 -1.16667 -1 
0.333334 0.500001 0.500001 0.666668 -0.166667 0 0 0.166667 0.166667 0.333334 0.333334 0.500001 -0.333334 -0.166667 -0.166667 0 0.333334 0.500001 0.500001 0.666668 -0.166667 0 0 0.166667 0.166667 0.333334 0.333334 0.500001 -0.333334 -0.166667 -0.166667 0 0.333334 0.500001 0.500001 0.666668 -0.166667 0 0 0.166667 0.166667 0.333334 0.333334 0.500001 -0.333334 -0.166667 -0.166667 0 0.333334 0.500001 0.500001 0.666668 -0.166667 0 0 0.166667 0.166667 0.333334 0.333334 0.500001 -0.333334 -0.166667 -0.166667 0 
0.333334 0.666668 0.333334 0.666668 -0.166667 0.166667 -0.166667 0.166667 0.166667 0.500001 0.166667 0.500001 -0.333334 0 -0.333334 0 0.500001 0.833335 0.500001 0.833335 0 0.333334 0 0.333334 0.333334 0.666668 0.333334 0.666668 -0.166667 0.166667 -0.166667 0.166667 0.166667 0.500001 0.166667 0.500001 -0.333334 0 -0.333334 0 0 0.333334 0 0.333334 -0.500001 -0.166667 -0.500001 -0.166667 0.333334 0.666668 0.333334 0.666668 -0.166667 0.166667 -0.166667 0.166667 0.166667 0.500001 0.166667 0.500001 -0.333334 0 -0.333334 0 
0.333334 0.666668 0.333334 0.666668 -0.166667 0.166667 -0.166667 0.166667 0.166667 0.500001 0.166667 0.500001 -0.333334 0 -0.333334 0 0.500001 0.833335 0.500001 0.833335 0 0.333334 0 0.333334 0.333334 0.666668 0.333334 0.666668 -0.166667 0.166667 -0.166667 0.166667 0.166667 0.500001 0.166667 0.500001 -0.333334 0 -0.333334 0 0 0.333334 0 0.333334 -0.500001 -0.166667 -0.500001 -0.166667 0.333334 0.666668 0.333334 0.666668 -0.166667 0.166667 -0.166667 0.166667 0.166667 0.500001 0.166667 0.500001 -0.333334 0 -0.333334 0 
0.333334 0.500001 0 0.166667 -0.166667 0 -0.500001 -0.333334 0.166667 0.333334 -0.166667 0 -0.333334 -0.166667 -0.666668 -0.500001 0.333334 0.500001 0 0.166667 -0.166667 0 -0.500001 -0.333334 0.166667 0.333334 -0.166667 0 -0.333334 -0.166667 -0.666668 -0.500001 -0.166667 0 -0.500001 -0.333334 -0.666668 -0.500001 -1 -0.833335 -0.333334 -0.166667 -0.666668 -0.500001 -0.833335 -0.666668 -1.16667 -1 -0.166667 0 -0.500001 -0.333334 -0.666668 -0.500001 -1 -0.833335 -0.333334 -0.166667 -0.666668 -0.500001 -0.833335 -0.666668 -1.16667 -1 
0.333334 0.500001 0.500001 0.666668 -0.166667 0 0 0.166667 0.166667 0.333334 0.333334 0.500001 -0.333334 -0.166667 -0.166667 0 0.333334 0.500001 0.500001 0.666668 -0.166667 0 0 0.166667 0.166667 0.333334 0.333334 0.500001 -0.333334 -0.166667 -0.166667 0 0.333334 0.500001 0.500001 0.666668 -0.166667 0 0 0.166667 0.166667 0.333334 0.333334 0.500001 -0.333334 -0.166667 -0.166667 0 0.333334 0.500001 0.500001 0.666668 -0.166667 0 0 0.166667 0.166667 0.333334 0.333334 0.500001 -0.333334 -0.166667 -0.166667 0 
0.333334 0.666668 0.333334 0.666668 -0.166667 0.166667 -0.166667 0.166667 0.166667 0.500001 0.166667 0.500001 -0.333334 0 -0.333334 0 0.500001 0.833335 0.500001 0.833335 0 0.333334 0 0.333334 0.333334 0.666668 0.333334 0.666668 -0.166667 0.166667 -0.166667 0.166667 0.166667 0.500001 0.166667 0.500001 -0.333334 0 -0.333334 0 0 0.333334 0 0.333334 -0.500001 -0.166667 -0.500001 -0.166667 0.333334 0.666668 0.333334 0.666668 -0.166667 0.166667 -0.166667 0.166667 0.166667 0.500001 0.166667 0.500001 -0.333334 0 -0.333334 0 
0.333334 0.666668 0.333334 0.666668 -0.166667 0.166667 -0.166667 0.166667 0.166667 0.500001 0.166667 0.500001 -0.333334 0 -0.333334 0 0.500001 0.833335 0.500001 0.833335 0 0.333334 0 0.333334 0.333334 0.666668 0.333334 0.666668 -0.166667 0.166667 -0.166667 0.166667 0.166667 0.500001 0.166667 0.500001 -0.333334 0 -0.333334 0 0 0.333334 0 0.333334 -0.500001 -0.166667 -0.500001 -0.166667 0.333334 0.666668 0.333334 0.666668 -0.166667 0.166667 -0.166667 0.166667 0.166667 0.500001 0.166667 0.500001 -0.333334 0 -0.333334 0 
0.666668 0.666668 0 0 0.166667 0.166667 -0.500001 -0.500001 0.666668 0.666668 0 0 0.166667 0.166667 -0.500001 -0.500001 0.166667 0.166667 -0.500001 -0.500001 -0.333334 -0.333334 -1 -1 0.166667 0.166667 -0.500001 -0.500001 -0.333334 -0.333334 -1 -1 0.333334 0.333334 -0.333334 -0.333334 -0.166667 -0.166667 -0.833335 -0.833335 0.333334 0.333334 -0.333334 -0.333334 -0.166667 -0.166667 -0.833335 -0.833335 -0.166667 -0.166667 -0.833335 -0.833335 -0.666668 -0.666668 -1.33334 -1.33334 -0.166667 -0.166667 -0.833335 -0.833335 -0.666668 -0.666668 -1.33334 -1.33334 
0.666668 0.666668 0.500001 0.500001 0.166667 0.166667 0 0 0.666668 0.666668 0.500001 0.500001 0.166667 0.166667 0 0 0.166667 0.166667 0 0 -0.333334 -0.333334 -0.500001 -0.500001 0.166667 0.166667 0 0 -0.333334 -0.333334 -0.500001 -0.500001 0.833335 0.833335 0.666668 0.666668 0.333334 0.333334 0.166667 0.166667 0.833335 0.833335 0.666668 0.666668 0.333334 0.333334 0.166667 0.166667 0.333334 0.333334 0.166667 0.166667 -0.166667 -0.166667 -0.333334 -0.333334 0.333334 0.333334 0.166667 0.166667 -0.166667 -0.166667 -0.333334 -0.333334 
0.666668 0.833335 0.333334 0.500001 0.166667 0.333334 -0.166667 0 0.666668 0.833335 0.333334 0.500001 0.166667 0.333334 -0.166667 0 0.333334 0.500001 0 0.166667 -0.166667 0 -0.500001 -0.333334 0.333334 0.500001 0 0.166667 -0.166667 0 -0.500001 -0.333334 0.666668 0.833335 0.333334 0.500001 0.166667 0.333334 -0.166667 0 0.666668 0.833335 0.333334 0.500001 0.166667 0.333334 -0.166667 0 0.333334 0.500001 0 0.166667 -0.166667 0 -0.500001 -0.333334 0.333334 0.500001 0 0.166667 -0.166667 0 -0.500001 -0.333334 
0.666668 0.833335 0.333334 0.500001 0.166667 0.333334 -0.166667 0 0.666668 0.833335 0.333334 0.500001 0.166667 0.333334 -0.166667 0 0.333334 0.500001 0 0.166667 -0.166667 0 -0.500001 -0.333334 0.333334 0.500001 0 0.166667 -0.166667 0 -0.500001 -0.333334 0.666668 0.833335 0.333334 0.500001 0.166667 0.333334 -0.166667 0 0.666668 0.833335 0.333334 0.500001 0.166667 0.333334 -0.166667 0 0.333334 0.500001 0 0.166667 -0.166667 0 -0.500001 -0.333334 0.333334 0.500001 0 0.166667 -0.166667 0 -0.500001 -0.333334 
0.666668 0.666668 0.500001 0.500001 0.166667 0.166667 0 0 0.500001 0.500001 0.333334 0.333334 0 0 -0.166667 -0.166667 0.166667 0.166667 0 0 -0.333334 -0.333334 -0.500001 -0.500001 0 0 -0.166667 -0.166667 -0.500001 -0.500001 -0.666668 -0.666668 0.333334 0.333334 0.166667 0.166667 -0.166667 -0.166667 -0.333334 -0.333334 0.166667 0.166667 0 0 -0.333334 -0.333334 -0.500001 -0.500001 -0.166667 -0.166667 -0.333334 -0.333334 -0.666668 -0.666668 -0.833335 -0.833335 -0.333334 -0.333334 -0.500001 -0.500001 -0.833335 -0.833335 -1 -1 
0.666668 0.666668 1 1 0.166667 0.166667 0.500001 0.500001 0.500001 0.500001 0.833335 0.833335 0 0 0.333334 0.333334 0.166667 0.166667 0.500001 0.500001 -0.333334 -0.333334 0 0 0 0 0.333334 0.333334 -0.500001 -0.500001 -0.166667 -0.166667 0.833335 0.833335 1.16667 1.16667 0.333334 0.333334 0.666668 0.666668 0.666668 0.666668 1 1 0.166667 0.166667 0.500001 0.500001 0.333334 0.333334 0.666668 0.666668 -0.166667 -0.166667 0.166667 0.166667 0.166667 0.166667 0.500001 0.500001 -0.333334 -0.333334 0 0 
0.666668 0.833335 0.833335 1 0.166667 0.333334 0.333334 0.500001 0.500001 0.666668 0.666668 0.833335 0 0.166667 0.166667 0.333334 0.333334 0.500001 0.500001 0.666668 -0.166667 0 0 0.166667 0.166667 0.333334 0.333334 0.500001 -0.333334 -0.166667 -0.166667 0 0.666668 0.833335 0.833335 1 0.166667 0.333334 0.333334 0.500001 0.500001 0.666668 0.666668 0.833335 0 0.166667 0.166667 0.333334 0.333334 0.500001 0.500001 0.666668 -0.166667 0 0 0.166667 0.166667 0.333334 0.333334 0.500001 -0.333334 -0.166667 -0.166667 0 
0.666668 0.833335 0.833335 1 0.166667 0.333334 0.333334 0.500001 0.500001 0.666668 0.666668 0.833335 0 0.166667 0.166667 0.333334 0.333334 0.500001 0.500001 0.666668 -0.166667 0 0 0.166667 0.166667 0.333334 0.333334 0.500001 -0.333334 -0.166667 -0.166667 0 0.666668 0.833335 0.833335 1 0.166667 0.333334 0.333334 0.500001 0.500001 0.666668 0.666668 0.833335 0 0.166667 0.166667 0.333334 0.333334 0.500001 0.500001 0.666668 -0.166667 0 0 0.166667 0.166667 0.333334 0.333334 0.500001 -0.333334 -0.166667 -0.166667 0 
1 1.16667 0.666668 0.833335 0 0.166667 -0.333334 -0.166667 1 1.16667 0.666668 0.833335 0 0.166667 -0.333334 -0.166667 0.500001 0.666668 0.166667 0.333334 -0.500001 -0.333334 -0.833335 -0.666668 0.500001 0.666668 0.166667 0.333334 -0.500001 -0.333334 -0.833335 -0.666668 0.666668 0.833335 0.333334 0.500001 -0.333334 -0.166667 -0.666668 -0.500001 0.666668 0.833335 0.333334 0.500001 -0.333334 -0.166667 -0.666668 -0.500001 0.166667 0.333334 -0.166667 0 -0.833335 -0.666668 -1.16667 -1 0.166667 0.333334 -0.166667 0 -0.833335 -0.666668 -1.16667 -1 
1 1.16667 1.16667 1.33334 0 0.166667 0.166667 0.333334 1 1.16667 1.16667 1.33334 0 0.166667 0.166667 0.333334 0.500001 0.666668 0.666668 0.833335 -0.500001 -0.333334 -0.333334 -0.166667 0.500001 0.666668 0.666668 0.833335 -0.500001 -0.333334 -0.333334 -0.166667 1.16667 1.33334 1.33334 1.5 0.166667 0.333334 0.333334 0.500001 1.16667 1.33334 1.33334 1.5 0.166667 0.333334 0.333334 0.500001 0.666668 0.833335 0.833335 1 -0.333334 -0.166667 -0.166667 0 0.666668 0.833335 0.833335 1 -0.333334 -0.166667 -0.166667 0 
1 1.33334 1 1.33334 0 0.333334 0 0.333334 1 1.33334 1 1.33334 0 0.333334 0 0.333334 0.666668 1 0.666668 1 -0.333334 0 -0.333334 0 0.666668 1 0.666668 1 -0.333334 0 -0.333334 0 1 1.33334 1 1.33334 0 0.333334 0 0.333334 1 1.33334 1 1.33334 0 0.333334 0 0.333334 0.666668 1 0.666668 1 -0.333334 0 -0.333334 0 0.666668 1 0.666668 1 -0.333334 0 -0.333334 0 
1 1.33334 1 1.33334 0 0.333334 0 0.333334 1 1.33334 1 1.33334 0 0.333334 0 0.333334 0.666668 1 0.666668 1 -0.333334 0 -0.333334 0 0.666668 1 0.666668 1 -0.333334 0 -0.333334 0 1 1.33334 1 1.33334 0 0.333334 0 0.333334 1 1.33334 1 1.33334 0 0.333334 0 0.333334 0.666668 1 0.666668 1 -0.333334 0 -0.333334 0 0.666668 1 0.666668 1 -0.333334 0 -0.333334 0 
1 1.16667 0.666668 0.833335 0 0.166667 -0.333334 -0.166667 1 1.16667 0.666668 0.833335 0 0.166667 -0.333334 -0.166667 0.500001 0.666668 0.166667 0.333334 -0.500001 -0.333334 -0.833335 -0.666668 0.500001 0.666668 0.166667 0.333334 -0.500001 -0.333334 -0.833335 -0.666668 0.666668 0.833335 0.333334 0.500001 -0.333334 -0.166667 -0.666668 -0.500001 0.666668 0.833335 0.333334 0.500001 -0.333334 -0.166667 -0.666668 -0.500001 0.166667 0.333334 -0.166667 0 -0.833335 -0.666668 -1.16667 -1 0.166667 0.333334 -0.166667 0 -0.833335 -0.666668 -1.16667 -1 
1 1.16667 1.16667 1.33334 0 0.166667 0.166667 0.333334 1 1.16667 1.16667 1.33334 0 0.166667 0.166667 0.333334 0.500001 0.666668 0.666668 0.833335 -0.500001 -0.333334 -0.333334 -0.166667 0.500001 0.666668 0.666668 0.833335 -0.500001 -0.333334 -0.333334 -0.166667 1.16667 1.33334 1.33334 1.5 0.166667 0.333334 0.333334 0.500001 1.16667 1.33334 1.33334 1.5 0.166667 0.333334 0.333334 0.500001 0.666668 0.833335 0.833335 1 -0.333334 -0.166667 -0.166667 0 0.666668 0.833335 0.833335 1 -0.333334 -0.166667 -0.166667 0 
1 1.33334 1 1.33334 0 0.333334 0 0.333334 1 1.33334 1 1.33334 0 0.333334 0 0.333334 0.666668 1 0.666668 1 -0.333334 0 -0.333334 0 0.666668 1 0.666668 1 -0.333334 0 -0.333334 0 1 1.33334 1 1.33334 0 0.333334 0 0.333334 1 1.33334 1 1.33334 0 0.333334 0 0.333334 0.666668 1 0.666668 1 -0.333334 0 -0.333334 0 0.666668 1 0.666668 1 -0.333334 0 -0.333334 0 
1 1.33334 1 1.33334 0 0.333334 0 0.333334 1 1.33334 1 1.33334 0 0.333334 0 0.333334 0.666668 1 0.666668 1 -0.333334 0 -0.333334 0 0.666668 1 0.666668 1 -0.333334 0 -0.333334 0 1 1.33334 1 1.33334 0 0.333334 0 0.333334 1 1.33334 1 1.33334 0 0.333334 0 0.333334 0.666668 1 0.666668 1 -0.333334 0 -0.333334 0 0.666668 1 0.666668 1 -0.333334 0 -0.333334 0 
0.666668 0.666668 0 0 0.166667 0.166667 -0.500001 -0.500001 0.666668 0.666668 0 0 0.166667 0.166667 -0.500001 -0.500001 0.166667 0.166667 -0.500001 -0.500001 -0.333334 -0.333334 -1 -1 0.166667 0.166667 -0.500001 -0.500001 -0.333334 -0.333334 -1 -1 0.333334 0.333334 -0.333334 -0.333334 -0.166667 -0.166667 -0.833335 -0.833335 0.333334 0.333334 -0.333334 -0.333334 -0.166667 -0.166667 -0.833335 -0.833335 -0.166667 -0.166667 -0.833335 -0.833335 -0.666668 -0.666668 -1.33334 -1.33334 -0.166667 -0.166667 -0.833335 -0.833335 -0.666668 -0.666668 -1.33334 -1.33334 
0.666668 0.666668 0.500001 0.500001 0.166667 0.166667 0 0 0.666668 0.666668 0.500001 0.500001 0.166667 0.166667 0 0 0.166667 0.166667 0 0 -0.333334 -0.333334 -0.500001 -0.500001 0.166667 0.166667 0 0 -0.333334 -0.333334 -0.500001 -0.500001 0.833335 0.833335 0.666668 0.666668 0.333334 0.333334 0.166667 0.166667 0.833335 0.833335 0.666668 0.666668 0.333334 0.333334 0.166667 0.166667 0.333334 0.333334 0.166667 0.166667 -0.166667 -0.166667 -0.333334 -0.333334 0.333334 0.333334 0.166667 0.166667 -0.166667 -0.166667 -0.333334 -0.333334 
0.666668 0.833335 0.333334 0.500001 0.166667 0.333334 -0.166667 0 0.666668 0.833335 0.333334 0.500001 0.166667 0.333334 -0.166667 0 0.333334 0.500001 0 0.166667 -0.166667 0 -0.500001 -0.333334 0.333334 0.500001 0 0.166667 -0.166667 0 -0.500001 -0.333334 0.666668 0.833335 0.333334 0.500001 0.166667 0.333334 -0.166667 0 0.666668 0.833335 0.333334 0.500001 0.166667 0.333334 -0.166667 0 0.333334 0.500001 0 0.166667 -0.166667 0 -0.500001 -0.333334 0.333334 0.500001 0 0.166667 -0.166667 0 -0.500001 -0.333334 
0.666668 0.833335 0.333334 0.500001 0.166667 0.333334 -0.166667 0 0.666668 0.833335 0.333334 0.500001 0.166667 0.333334 -0.166667 0 0.333334 0.500001 0 0.166667 -0.166667 0 -0.500001 -0.333334 0.333334 0.500001 0 0.166667 -0.166667 0 -0.500001 -0.333334 0.666668 0.833335 0.333334 0.500001 0.166667 0.333334 -0.166667 0 0.666668 0.833335 0.333334 0.500001 0.166667 0.333334 -0.166667 0 0.333334 0.500001 0 0.166667 -0.166667 0 -0.500001 -0.333334 0.333334 0.500001 0 0.166667 -0.166667 0 -0.500001 -0.333334 
0.666668 0.666668 0.500001 0.500001 0.166667 0.166667 0 0 0.500001 0.500001 0.333334 0.333334 0 0 -0.166667 -0.166667 0.166667 0.166667 0 0 -0.333334 -0.333334 -0.500001 -0.500001 0 0 -0.166667 -0.166667 -0.500001 -0.500001 -0.666668 -0.666668 0.333334 0.333334 0.166667 0.166667 -0.166667 -0.166667 -0.333334 -0.333334 0.166667 0.166667 0 0 -0.333334 -0.333334 -0.500001 -0.500001 -0.166667 -0.166667 -0.333334 -0.333334 -0.666668 -0.666668 -0.833335 -0.833335 -0.333334 -0.333334 -0.500001 -0.500001 -0.833335 -0.833335 -1 -1 
0.666668 0.666668 1 1 0.166667 0.166667 0.500001 0.500001 0.500001 0.500001 0.833335 0.833335 0 0 0.333334 0.333334 0.166667 0.166667 0.500001 0.500001 -0.333334 -0.333334 0 0 0 0 0.333334 0.333334 -0.500001 -0.500001 -0.166667 -0.166667 0.833335 0.833335 1.16667 1.16667 0.333334 0.333334 0.666668 0.666668 0.666668 0.666668 1 1 0.166667 0.166667 0.500001 0.500001 0.333334 0.333334 0.666668 0.666668 -0.166667 -0.166667 0.166667 0.166667 0.166667 0.166667 0.500001 0.500001 -0.333334 -0.333334 0 0 
0.666668 0.833335 0.833335 1 0.166667 0.333334 0.333334 0.500001 0.500001 0.666668 0.666668 0.833335 0 0.166667 0.166667 0.333334 0.333334 0.500001 0.500001 0.666668 -0.166667 0 0 0.166667 0.166667 0.333334 0.333334 0.500001 -0.333334 -0.166667 -0.166667 0 0.666668 0.833335 0.833335 1 0.166667 0.333334 0.333334 0.500001 0.500001 0.666668 0.666668 0.833335 0 0.166667 0.166667 0.333334 0.333334 0.500001 0.500001 0.666668 -0.166667 0 0 0.166667 0.166667 0.333334 0.333334 0.500001 -0.333334 -0.166667 -0.166667 0 
0.666668 0.833335 0.833335 1 0.166667 0.333334 0.333334 0.500001 0.500001 0.666668 0.666668 0.833335 0 0.166667 0.166667 0.333334 0.333334 0.500001 0.500001 0.666668 -0.166667 0 0 0.166667 0.166667 0.333334 0.333334 0.500001 -0.333334 -0.166667 -0.166667 0 0.666668 0.833335 0.833335 1 0.166667 0.333334 0.333334 0.500001 0.500001 0.666668 0.666668 0.833335 0 0.166667 0.166667 0.333334 0.333334 0.500001 0.500001 0.666668 -0.166667 0 0 0.166667 0.166667 0.333334 0.333334 0.500001 -0.333334 -0.166667 -0.166667 0 
1 1.16667 0.666668 0.833335 0 0.166667 -0.333334 -0.166667 1 1.16667 0.666668 0.833335 0 0.166667 -0.333334 -0.166667 0.500001 0.666668 0.166667 0.333334 -0.500001 -0.333334 -0.833335 -0.666668 0.500001 0.666668 0.166667 0.333334 -0.500001 -0.333334 -0.833335 -0.666668 0.666668 0.833335 0.333334 0.500001 -0.333334 -0.166667 -0.666668 -0.500001 0.666668 0.833335 0.333334 0.500001 -0.333334 -0.166667 -0.666668 -0.500001 0.166667 0.333334 -0.166667 0 -0.833335 -0.666668 -1.16667 -1 0.166667 0.333334 -0.166667 0 -0.833335 -0.666668 -1.16667 -1 
1 1.16667 1.16667 1.33334 0 0.166667 0.166667 0.333334 1 1.16667 1.16667 1.33334 0 0.166667 0.166667 0.333334 0.500001 0.666668 0.666668 0.833335 -0.500001 -0.333334 -0.333334 -0.166667 0.500001 0.666668 0.666668 0.833335 -0.500001 -0.333334 -0.333334 -0.166667 1.16667 1.33334 1.33334 1.5 0.166667 0.333334 0.333334 0.500001 1.16667 1.33334 1.33334 1.5 0.166667 0.333334 0.333334 0.500001 0.666668 0.833335 0.833335 1 -0.333334 -0.166667 -0.166667 0 0.666668 0.833335 0.833335 1 -0.333334 -0.166667 -0.166667 0 
1 1.33334 1 1.33334 0 0.333334 0 0.333334 1 1.33334 1 1.33334 0 0.333334 0 0.333334 0.666668 1 0.666668 1 -0.333334 0 -0.333334 0 0.666668 1 0.666668 1 -0.333334 0 -0.333334 0 1 1.33334 1 1.33334 0 0.333334 0 0.333334 1 1.33334 1 1.33334 0 0.333334 0 0.333334 0.666668 1 0.666668 1 -0.333334 0 -0.333334 0 0.666668 1 0.666668 1 -0.333334 0 -0.333334 0 
1 1.33334 1 1.33334 0 0.333334 0 0.333334 1 1.33334 1 1.33334 0 0.333334 0 0.333334 0.666668 1 0.666668 1 -0.333334 0 -0.333334 0 0.666668 1 0.666668 1 -0.333334 0 -0.333334 0 1 1.33334 1 1.33334 0 0.333334 0 0.333334 1 1.33334 1 1.33334 0 0.333334 0 0.333334 0.666668 1 0.666668 1 -0.333334 0 -0.333334 0 0.666668 1 0.666668 1 -0.333334 0 -0.333334 0 
1 1.16667 0.666668 0.833335 0 0.166667 -0.333334 -0.166667 1 1.16667 0.666668 0.833335 0 0.166667 -0.333334 -0.166667 0.500001 0.666668 0.166667 0.333334 -0.500001 -0.333334 -0.833335 -0.666668 0.500001 0.666668 0.166667 0.333334 -0.500001 -0.333334 -0.833335 -0.666668 0.666668 0.833335 0.333334 0.500001 -0.333334 -0.166667 -0.666668 -0.500001 0.666668 0.833335 0.333334 0.500001 -0.333334 -0.166667 -0.666668 -0.500001 0.166667 0.333334 -0.166667 0 -0.833335 -0.666668 -1.16667 -1 0.166667 0.333334 -0.166667 0 -0.833335 -0.666668 -1.16667 -1 
1 1.16667 1.16667 1.33334 0 0.166667 0.166667 0.333334 1 1.16667 1.16667 1.33334 0 0.166667 0.166667 0.333334 0.500001 0.666668 0.666668 0.833335 -0.500001 -0.333334 -0.333334 -0.166667 0.500001 0.666668 0.666668 0.833335 -0.500001 -0.333334 -0.333334 -0.166667 1.16667 1.33334 1.33334 1.5 0.166667 0.333334 0.333334 0.500001 1.16667 1.33334 1.33334 1.5 0.166667 0.333334 0.333334 0.500001 0.666668 0.833335 0.833335 1 -0.333334 -0.166667 -0.166667 0 0.666668 0.833335 0.833335 1 -0.333334 -0.166667 -0.166667 0 
1 1.33334 1 1.33334 0 0.333334 0 0.333334 1 1.33334 1 1.33334 0 0.333334 0 0.333334 0.666668 1 0.666668 1 -0.333334 0 -0.333334 0 0.666668 1 0.666668 1 -0.333334 0 -0.333334 0 1 1.33334 1 1.33334 0 0.333334 0 0.333334 1 1.33334 1 1.33334 0 0.333334 0 0.333334 0.666668 1 0.666668 1 -0.333334 0 -0.333334 0 0.666668 1 0.666668 1 -0.333334 0 -0.333334 0 
1 1.33334 1 1.33334 0 0.333334 0 0.333334 1 1.33334 1 1.33334 0 0.333334 0 0.333334 0.666668 1 0.666668 1 -0.333334 0 -0.333334 0 0.666668 1 0.666668 1 -0.333334 0 -0.333334 0 1 1.33334 1 1.33334 0 0.333334 0 0.333334 1 1.33334 1 1.33334 0 0.333334 0 0.333334 0.666668 1 0.666668 1 -0.333334 0 -0.333334 0 0.666668 1 0.666668 1 -0.333334 0 -0.333334 0 
